1
2
-1
3
2
19
4
5
6
4
4
4
3
6
5
4
4
4
4
4
9
-1
4
4
4
4
9
-1
4
4
4
-2
4
4
4
4
4
4
4
-1
4
4
4
5
5
4
1
5
-1
4
5
5
4
5
4
4
-1
17
4
43
4
2
24
0
4
4
4
4
4
4
4
-3
4
4
4
-1
9
4
5
4
4
4
4
10
4
4
4
19
6
-2
4
4
-1
4
2
3
-3
4
-2
5
5
1
2
4
2
4
1
1
2
4
0
4
4
4
4
4
4
4
4
4
4
4
4
4
4
4
2
4
0
1
1
1
1
1
1
1
1
1
1
1
1
1
1
1
1
1
1
1
1
1
0
-1
-1
-1
-1
-1
-1
-1
-1
-1
2
4
0
1
0
-1
-1
-1
2
4
4
4
4
-1
4
4
4
-5
4
4
4
4
4
4
4
4
4
4
-3
16
-5
-5
-4
4
-5
4
-5
8
-5
-5
4
4
4
4
4
7
-5
4
4
21
4
4
4
5
4
4
4
4
4
4
4
9
21
4
4
4
6
3
4
0
4
6
3
3
3
0
0
3
-3
4
6
4
18
1
1
4
8
1
3
1
1
-2
1
68
4
3
6
5
5
-4
60
4
0
4
4
8
1
4
49
-1
19
28
1
1
12
4
4
7
7
7
-2
-4
14
4
4
0
0
0
0
6
-2
-2
-2
6
8
48
-1
2
-2
-3
-3
4
11
-5
-4
-3
-3
-1
4
-3
4
-1
4
-1
-3
-8
4
-2
26
31
4
-2
1
41
-2
-1
-12
16
1
-2
33
2
33
5
-5
-5
49
22
190
-3
5
33
5
-2
-2
2
3
-2
9
2
-2
4
24
6
21
10
14
4
-2
0
4
-1
4
8
2
-1
8
6
7
4
4
4
4
4
-3
4
2
2
5
4
5
4
4
5
4
4
5
4
5
5
4
5
4
5
4
5
4
4
8
4
8
4
8
4
-4
-6
-5
-2
4
4
4
0
5
5
1
3
17
4
0
0
4
4
4
0
0
16
2
4
4
4
4
4
-1
-6
4
-1
-6
6
6
-1
2
-5
-6
5
1
-4
-6
-4
-2
19
10
-2
4
9
-2
4
21
11
-2
4
21
-3
12
12
3
1
4
-5
-5
7
6
-6
15
-1
4
3
-5
-6
-6
4
-1
4
4
0
0
4
4
-4
3
4
-2
10
0
0
-4
4
0
-4
0
2
2
1
5
1
4
5
4
4
4
2
13
1
1
17
1
-1
-2
1
5
4
-2
-2
-2
6
0
5
0
8
-1
8
-1
-2
6
7
4
0
-1
-6
-5
4
53
4
15
-1
4
2
1
4
-1
4
0
-2
4
-2
-2
-2
0
0
6
3
4
1
6
3
0
6
5
2
4
4
4
12
5
77
4
41
4
4
5
0
12
0
3
-6
-6
-8
1
-1
-1
-1
2
2
-2
0
-2
3
-2
-3
9
3
-4
-3
40
6
2
-1
4
3
5
9
30
-1
-4
2
0
-3
-1
1
-1
-3
-5
-1
1
-3
4
-3
-3
-3
4
-2
4
-4
-1
-2
-5
-6
-2
1
-2
3
3
3
3
3
3
-1
-3
3
-1
-3
-3
-4
-1
-3
-1
-3
-3
-4
5
-3
-2
-2
-2
-2
6
0
4
6
3
2
4
5
-2
4
7
9
0
0
4
4
6
6
3
4
9
2
35
4
6
-1
32
-5
-5
-5
-5
5
169
72
2
2
2
2
4
1
7
4
4
4
-1
-3
45
4
-1
3
3
2
3
5
4
4
4
4
46
1
4
-9
4
4
15
8
-2
-2
5
4
2
17
65
-4
4
4
18
18
15
4
-5
-5
4
4
-2
-2
2
-9
6
-1
8
61
4
17
-4
0
4
9
9
9
8
-1
4
4
4
0
8
4
107
13
12
49
4
-2
-1
3
3
4
0
3
4
-1
-1
4
4
-2
40
0
-2
4
4
-1
37
-4
0
-1
4
3
3
-1
-4
65
-4
3
4
4
20
6
0
9
1
26
-2
4
-2
-6
18
2
-2
35
7
4
4
2
4
2
4
-2
25
-2
-5
4
4
-5
-2
0
0
3
-1
4
4
4
-5
0
4
4
-4
6
-2
6
6
4
-5
1
-2
-5
149
5
-4
44
-4
-3
-3
19
4
2
2
0
19
-1
4
1
17
0
1
-3
-2
0
5
0
34
-11
-10
2
-3
4
-1
3
4
2
2
2
1
0
4
3
3
3
3
-2
2
2
14
14
5
4
3
11
3
3
-1
2
-2
3
-1
-1
-1
-1
-1
-1
2
7
1
4
2
3
3
50
3
3
3
3
3
3
3
3
3
4
3
6
3
-1
-5
1
23
17
3
18
-1
0
4
-2
26
3
3
3
7
3
3
-7
3
8
2
3
3
3
16
17
8
41
68
8
-1
-5
-3
-36
5
5
11
42
50
4
4
34
10
5
17
71
22
4
4
4
3
52
-2
4
4
-2
11
1
9
4
0
0
-6
1
4
1
12
-1
-5
3
4
1
210
1
4
-5
4
4
4
-8
4
276
-6
1
4
1
-1
4
3
0
10
4
7
269
4
2
4
4
4
4
2
5
82
4
4
0
4
4
4
4
4
4
239
19
414
-3
3
2
-9
4
4
4
-1
-1
4
4
4
4
-1
-1
4
6
19
-1
4
4
4
4
9
-2
4
-5
-5
4
4
2
2
3
4
4
4
0
4
3
4
-2
3
4
0
4
0
-6
-2
-2
2
4
4
0
-6
-2
-2
2
4
-2
16
19
-1
-5
4
-3
4
4
4
13
4
-2
4
1
-3
-2
-2
-1
4
4
0
-1
4
18
4
18
4
4
4
-6
4
-6
4
-1
75
0
18
8
-1
6
4
4
4
117
0
-1
4
8
2
4
1
1
-2
3
3
5
2
3
-2
-1
-1
-1
-2
-2
-2
-2
-1
-1
-1
-1
-1
-1
-1
12
54
0
-7
1
2
-1
-1
-1
-1
6
19
-1
4
32
-4
-4
-1
6
4
-2
-2
4
22
8
1
10
23
-1
4
12
6
19
-1
4
1
14
4
4
19
4
15
6
19
-1
9
6
2
1
5
4
19
5
5
5
4
4
4
4
9
4
4
26
4
0
-5
-1
-3
15
1
3
-6
27
3
170
4
4
4
4
4
4
-5
-1
0
27
135
-3
1
0
3
9
25
19
-1
-1
-3
4
4
4
4
21
4
-5
10
6
19
-1
4
4
4
0
4
4
5
5
17
3
4
4
4
-3
-1
37
-1
4
-1
-4
37
-1
4
40
-1
5
4
9
-2
26
-6
4
9
21
-2
-5
15
-2
10
5
5
4
6
6
6
3
3
8
-1
5
4
-1
0
3
108
4
3
-2
-1
-1
4
-1
60
16
60
17
1
-1
4
4
-1
4
4
-1
54
4
4
1
-1
5
5
-1
5
5
1
2
4
-1
28
-8
4
-2
-2
5
5
5
-1
5
5
-1
-1
5
-1
4
5
-1
5
-1
-1
-3
2
-1
2
4
4
5
-1
4
5
5
-2
-6
-2
5
-1
-1
20
-1
4
4
4
4
4
5
-1
5
-1
5
-1
-1
-1
3
4
4
-1
5
-1
4
-1
3
3
4
15
4
-3
-1
4
4
2
4
4
4
2
4
4
4
4
4
4
4
4
4
4
4
2
4
5
-1
-1
-1
14
2
-6
-1
-2
-5
-6
-7
-2
4
-12
-2
-13
-6
-2
-12
-2
-1
-1
-1
0
-4
4
4
-1
-1
5
4
9
4
-1
4
4
8
7
-1
16
-6
6
4
250
5
0
-1
4
15
0
-3
2
3
2
3
-1
-3
18
-3
-3
0
0
4
9
9
-5
4
-1
14
-1
3
7
3
4
4
-8
0
7
7
-3
0
-3
0
-1
15
4
4
11
-5
3
48
12
26
0
0
25
-1
3
3
-4
1
1
12
17
-1
4
4
4
-1
2
4
44
-5
4
-4
0
8
9
9
0
0
12
3
-1
-1
4
0
6
-1
-1
8
3
3
20
2
-10
3
9
3
2
-1
42
-1
18
3
-5
2
-3
51
22
42
4
4
15
15
46
-2
2
4
-1
75
1
4
6
4
-1
2
0
67
-9
-9
-1
14
1
5
-2
-3
3
11
-2
-1
4
0
2
4
6
6
6
5
4
5
5
4
5
5
6
4
1
0
1
8
11
11
9
19
4
-1
21
-2
7
3
15
50
0
53
0
-3
-3
3
8
3
3
-1
16
3
4
2
-3
215
-2
-4
-6
-11
-3
-3
0
4
-1
-2
6
-1
4
4
4
19
4
-4
-1
16
5
4
4
17
16
4
7
19
15
-1
20
0
-2
88
9
-4
2
0
3
3
3
7
0
0
0
6
3
1
-1
-2
-2
21
14
5
4
4
4
-2
6
-5
33
21
40
-2
63
3
9
9
4
31
4
4
5
9
-2
9
45
5
9
10
4
6
200
7
4
3
4
4
4
4
-2
4
4
4
4
4
4
-5
8
4
4
4
4
4
4
4
4
46
4
2
2
4
4
4
1
4
4
5
4
4
0
0
4
5
5
86
5
0
0
21
0
0
232
7
128
4
4
8
3
3
3
3
3
-11
-11
0
-2
2
2
2
0
5
2
0
90
3
-1
3
3
3
-2
4
6
-5
-5
-2
-5
0
40
3
4
-2
6
1
0
0
44
92
4
4
4
6
2
-1
1
2
3
11
-2
-2
-2
-5
-5
55
5
0
7
3
6
3
11
-3
2
2
21
5
4
0
-2
7
6
3
-2
-4
3
66
16
16
4
6
-2
1
-5
-2
2
0
-2
-2
5
32
-1
2
-6
-2
1
-1
-3
-2
2
3
-2
0
-1
-2
6
6
12
0
-2
0
4
4
4
-2
1
5
5
1
69
-2
-2
-1
-1
42
4
4
3
-4
4
0
-1
18
4
0
-3
4
4
4
4
4
-3
-5
4
4
-2
4
-3
-5
0
2
5
-1
15
33
1
6
2
2
-2
16
1
4
8
-2
11
10
0
4
47
4
3
4
-1
-1
-5
4
-1
-1
-1
-1
-1
-1
-1
-1
-1
-1
-1
30
4
-1
-1
3
-1
-1
3
3
-1
-1
3
3
3
-2
24
-3
4
3
-1
5
4
13
-1
3
16
37
5
4
6
6
4
4
6
6
4
4
2
0
4
0
4
4
-2
5
4
3
4
4
4
2
1
3
4
-2
43
-2
-1
-1
-1
-1
4
1
-1
-1
2
1
-1
-1
-1
4
-2
12
11
0
-2
1
-2
2
4
-1
2
4
4
4
16
-4
18
6
6
6
40
143
4
-5
5
1
-5
4
6
6
1
20
-1
0
-4
0
4
1
-1
3
146
4
2
-2
1
5
9
1
1
19
1
4
12
-2
0
-1
-1
4
3
-2
-2
10
23
22
48
-2
2
1
-5
-5
12
12
4
-2
4
2
-2
-2
-2
-2
-2
-2
-2
3
-2
4
5
3
3
0
5
3
3
0
14
-1
6
0
1
0
0
3
3
17
13
13
-1
13
9
6
-1
-2
4
-3
9
3
-1
-1
116
13
13
0
2
0
3
3
-1
-2
4
7
0
11
4
0
23
-2
4
18
14
7
10
-5
1
407
4
-3
-1
-3
2
146
0
5
22
1
-1
-1
6
66
3
-2
1
1
4
8
-2
-2
1
1
-2
-2
-2
1
1
26
27
8
-1
44
23
9
3
3
15
-2
2
3
0
1
-3
4
6
6
8
4
-3
4
-5
-2
7
6
-3
5
6
6
2
1
-1
30
1
2
4
4
0
6
0
0
6
6
-2
6
14
14
14
34
14
6
4
6
4
6
4
14
14
18
14
5
5
5
17
17
14
17
5
15
30
-2
-2
-2
5
6
6
6
6
3
6
3
0
4
0
4
4
4
4
4
-4
5
6
4
2
3
-5
-4
-5
-5
-5
-5
-5
-5
44
-5
43
7
1
6
16
1
-3
-3
295
-5
-4
-5
-4
1
5
-5
-5
-5
-5
-5
-2
-5
-2
-2
3
507
-3
-1
-2
-2
-1
-2
-2
3
14
-1
6
3
3
3
3
1
-2
9
11
14
4
4
5
5
-4
6
-4
4
5
5
-4
4
4
3
4
4
2
12
4
4
44
4
1
5
4
-2
-4
4
-2
-1
3
3
3
4
42
17
-2
-1
-4
6
0
0
17
0
0
6
4
4
4
0
4
4
4
4
4
4
4
4
46
-3
-3
-3
-3
-3
-3
-3
4
18
-5
4
-3
4
2
-3
4
4
4
12
4
-5
4
15
-6
-3
4
5
-2
43
4
16
8
10
-3
30
31
-5
4
12
4
-3
4
8
6
17
4
4
4
1
-2
-4
-3
-6
72
0
0
2
1
38
-5
8
13
2
10
0
1
2
3
58
40
35
54
2
-1
4
-3
2
-1
4
-3
119
10
4
4
0
12
1
-2
-2
65
218
-2
-4
77
-2
8
8
8
-2
8
8
8
184
8
8
14
8
121
-2
81
-4
-5
-4
-5
-3
22
2
-5
-5
-7
1
-3
35
-2
3
0
2
5
-5
-4
-6
8
3
-6
-6
-3
-3
-2
-2
30
4
4
0
1
-3
4
4
4
9
-1
-1
7
4
12
7
3
3
3
3
3
3
3
3
3
3
3
3
3
3
3
3
-2
-2
5
4
12
12
4
2
-5
18
4
4
5
-3
4
-4
4
-1
3
5
3
2
-3
16
4
4
8
-1
31
4
4
4
4
31
45
9
5
17
-2
15
-2
-2
37
-2
-2
0
0
2
8
32
3
9
-5
4
39
3
-1
10
30
4
1
0
0
18
47
25
9
3
3
3
3
91
155
5
4
4
12
20
21
4
3
4
3
4
3
-5
74
9
4
25
25
11
-3
-3
-7
-7
-6
0
4
5
-9
17
7
27
4
97
13
36
35
20
2
11
0
2
28
0
6
4
-1
9
32
7
6
-6
1
8
-2
-1
506
4
4
16
9
32
7
7
0
-5
10
5
12
4
-9
-4
16
3
4
21
4
69
4
12
13
21
4
7
-2
16
10
4
4
-10
7
-2
19
4
7
4
0
0
0
11
3
-2
92
11
11
6
23
-1
4
11
12
3
-1
-1
5
-5
-5
6
-2
-1
-9
3
22
9
-4
2
5
9
3
3
3
3
-1
34
13
-2
1
4
4
5
0
8
-1
18
13
3
0
27
12
1
1
21
-1
7
-3
-5
1
-1
-1
1
1
2
9
14
4
-2
522
8
71
68
10
-1
9
17
2
2
-1
1
3
4
11
-1
4
4
1
4
4
-3
-3
-3
-3
-1
-2
-2
-1
-4
4
-3
4
31
15
-3
4
4
-2
4
4
4
-3
-3
4
-1
4
4
4
4
4
4
4
4
4
4
4
4
4
4
4
4
4
4
4
4
-1
180
-7
75
7
4
4
4
4
4
-7
-2
-2
-20
-9
-6
-10
-7
-7
-7
4
4
-13
-16
-8
-7
-7
0
1
1
1
-2
-1
0
1
1
1
4
-2
4
1
7
7
6
7
4
4
4
7
7
0
4
3
3
7
8
-2
-5
-3
-1
2
3
7
1
0
3
7
-2
-2
4
4
3
4
4
4
4
4
4
4
4
4
4
4
-1
-1
-1
-1
-1
-1
-1
-1
-1
-1
-1
-1
13
28
4
5
5
4
1
11
11
-2
3
-2
3
4
4
4
4
4
4
1
3
4
4
6
41
6
3
4
10
4
1
-4
-3
4
4
5
2
-3
-2
-2
3
4
4
4
7
46
21
0
3
35
4
-1
4
-2
-2
-1
-4
4
-3
4
31
15
-3
4
4
-2
4
4
4
-3
-3
4
-3
-1
-3
4
-5
-5
27
4
-1
180
-7
75
7
4
4
4
4
4
-7
-2
-2
-20
-9
-6
-10
-7
-7
-7
4
4
-13
-16
-8
-7
-7
16
-1
2
5
2
5
79
15
6
9
11
-1
11
-1
11
-1
5
5
5
5
12
-2
11
11
13
73
0
18
3
11
12
12
12
12
12
13
-5
0
4
4
2
4
1
-5
4
5
-2
-2
-2
-2
-2
-2
-2
-2
-2
-2
-1
4
-1
-1
12
-2
12
26
-1
-2
2
2
4
-4
0
4
4
4
7
0
0
-1
-1
3
-9
4
4
1
-3
4
4
4
-1
1
-5
4
95
4
4
-1
1
-5
4
4
4
4
1
4
1
4
4
2
-2
1
4
1
-5
1
-2
-5
-5
-1
-1
-1
0
0
5
-4
-2
7
-2
5
-4
-2
4
2
0
22
4
7
4
13
2
4
4
21
-6
-4
0
2
30
12
-1
8
4
-6
4
-4
7
7
-2
-2
4
6
6
8
2
4
3
-6
2
7
3
7
1
4
6
6
6
6
13
4
-1
9
5
-1
-5
-5
-4
-5
-5
5
-5
-5
-4
-5
-1
2
-2
5
-1
5
1
2
12
2
15
2
-5
-5
-8
-8
-8
-2
-5
-8
17
-5
-2
-2
1
14
-30
-15
-1
5
0
2
2
2
2
0
-1
0
16
-1
6
-1
14
9
6
12
3
6
6
0
-1
-1
4
1
8
8
1
2
2
1
2
10
29
1
-3
167
2
-1
-1
0
-1
0
0
1
-4
-2
4
4
-1
0
0
-4
-1
4
64
15
7
59
4
-6
5
4
8
8
7
32
7
7
42
30
-2
-5
-3
-4
112
6
-1
3
-5
2
7
88
14
22
20
31
5
15
4
-3
4
16
32
-2
0
4
136
1
32
-1
1
7
-2
4
5
81
-1
4
2
4
-2
5
1
2
4
14
7
19
5
5
5
4
5
6
6
4
4
5
4
5
5
5
5
5
8
5
5
2
-2
6
3
4
4
-1
-4
-2
2
2
-9
46
35
4
1
-1
6
-1
2
21
7
0
12
8
0
10
0
5
-2
-2
4
1
4
3
5
3
36
1
1
3
4
3
7
2
-1
7
3
7
4
21
4
1
22
-2
4
17
13
35
4
54
-3
9
78
2
12
1
7
0
18
0
-1
3
10
43
9
1
20
16
15
1
5
35
0
0
-2
-1
2
9
43
14
6
-1
-1
-1
-1
-1
-1
9
5
-2
-3
4
3
19
2
1
-1
5
3
5
3
12
-5
-2
0
47
4
13
14
46
3
1
9
5
-5
3
15
1
3
3
3
3
3
6
7
173
5
3
-1
7
6
6
3
7
3
-1
1
7
7
2
0
0
836
2
1
6
-5
-2
-5
-5
1
1
9
9
27
6
-1
-1
-1
-4
26
6
8
3
3
8
7
12
143
5
5
16
9
-5
0
-1
-1
0
3
-1
-1
10
10
7
-1
7
4
61
4
17
1
7
1
4
-1
-1
-1
4
7
37
-1
3
7
8
-1
7
4
4
-3
-1
-1
9
5
5
-2
3
9
9
22
-5
-5
12
7
7
17
21
13
12
-1
6
-1
1
-5
-2
7
8
6
-4
-1
-2
-1
4
4
2
0
5
5
5
14
-2
0
-2
17
-2
4
5
69
65
7
5
-2
5
5
4
4
4
4
4
4
-4
-2
-2
-2
-2
-2
-2
-2
4
-4
-2
-2
-2
-2
-2
-2
-2
4
5
-3
-2
39
78
-2
-1
-2
6
-5
-5
3
1
4
4
4
4
4
4
4
4
4
4
4
-1
-1
-1
-1
-1
-1
-1
-1
-1
-1
-1
-1
11
20
-1
-6
-1
-5
7
34
4
1
-2
4
4
12
7
-5
2
2
4
0
270
15
23
15
15
13
27
10
0
-2
-3
29
-6
43
6
-6
18
2
-1
-2
20
-1
52
6
0
12
50
21
95
11
-2
-2
7
-3
4
12
-3
2
4
6
-2
-2
-2
-2
-2
-2
-2
-2
-2
-2
-2
-2
-2
-2
4
4
4
4
4
4
4
4
4
4
4
4
4
4
4
4
4
4
4
4
4
1
-2
3
-3
4
-3
-2
1
4
4
4
4
15
208
4
4
4
4
4
4
4
4
4
4
4
4
4
4
92
12
15
53
12
34
72
38
18
33
15
4
4
4
4
4
4
4
15
15
15
15
15
15
15
15
29
66
3
-3
117
25
2
4
-3
-3
4
4
4
4
4
4
4
4
4
4
4
4
4
4
4
4
5
-3
-3
-2
-2
-2
-2
-2
-2
-2
-2
-2
-2
-2
-2
-2
-1
-1
-1
-2
-2
-2
-2
-2
-2
-2
-1
-2
-2
-2
-2
-2
-2
-2
-2
-2
-2
-1
4
4
-2
197
4
4
4
4
4
4
4
4
4
4
4
4
4
4
71
51
12
12
33
4
4
4
15
36
17
69
15
4
4
4
4
4
4
4
15
15
15
15
15
15
15
15
15
-4
-3
-4
73
-6
-3
1
1
-2
4
25
4
1
4
14
-1
1
27
2
20
8
-1
11
3
2
13
28
0
0
0
35
139785
5
6
-1
32
-5
-5
-5
-5
5
169
72
2
2
2
2
4
1
7
4
4
4
-1
-3
45
4
-1
3
3
2
3
5
4
4
4
4
46
1
4
-9
4
4
15
8
-2
-2
5
4
2
17
65
-4
4
4
18
18
15
4
-5
-5
4
4
-2
-2
2
-9
6
-1
8
61
4
17
-4
0
4
9
9
9
8
-1
4
4
4
0
8
4
107
13
12
49
4
-2
-1
3
3
4
0
3
4
-1
-1
4
4
-2
40
0
-2
4
4
-1
37
-4
0
-1
4
3
3
-1
-4
65
-4
3
4
4
20
6
0
9
1
26
-2
4
-2
-6
18
2
-2
35
7
4
4
2
4
2
4
-2
25
-2
-5
4
4
-5
-2
0
0
3
-1
4
4
4
-5
0
4
4
-4
6
-2
6
6
4
-5
1
-2
-5
149
5
-4
44
-4
-3
-3
